# 7 -> 21[1] (200 blocks)
A:
  E_E_learning_rate: 8.697225E-01
  E_E_weight_scale: 2.657709E+00
  E_I_learning_rate: 0.000000E+00
  E_I_weight_scale: 1.660024E+00
  I_E_learning_rate: 0.000000E+00
  I_E_weight_scale: 1.000000E+00
  I_I_learning_rate: 0.000000E+00
  I_I_weight_scale: 0.000000E+00
# 7 -> 21[7] (200 blocks)
B:
  E_E_learning_rate: 7.142411E-01
  E_E_weight_scale: 2.392820E+00
  E_I_learning_rate: 3.877354E-01
  E_I_weight_scale: 3.706260E+00
  I_E_learning_rate: 5.203343E-02
  I_E_weight_scale: 8.361437E+00
  I_I_learning_rate: 4.152069E-02
  I_I_weight_scale: 1.013417E-01
