# 7 -> 21[1] (200 blocks)
A:
  E_E_learning_rate: 8.697225E-01
  E_E_weight_scale: 2.657709E+00
  E_I_learning_rate: 0.000000E+00
  E_I_weight_scale: 1.660024E+00
  I_E_learning_rate: 0.000000E+00
  I_E_weight_scale: 1.000000E+00
  I_I_learning_rate: 0.000000E+00
  I_I_weight_scale: 0.000000E+00
# 7 -> 21[7] (200 blocks)
B:
  E_E_learning_rate: 1.113108E-02
  E_E_weight_scale: 1.505282E+00
  E_I_learning_rate: 2.784310E-03
  E_I_weight_scale: 9.995759E+00
  I_E_learning_rate: 7.367173E-02
  I_E_weight_scale: 1.000000E+00
  I_I_learning_rate: 4.133674E-02
  I_I_weight_scale: 3.017951E-04
